# relative_time, cycles_done, cur_item, corpus_count, pending_total, pending_favs, map_size, saved_crashes, saved_hangs, max_depth, execs_per_sec, total_execs, edges_found
61, 60, 3, 8, 0, 0, 5.71%, 0, 0, 1, 12875.15, 790422, 2
66, 65, 3, 8, 0, 0, 5.71%, 0, 0, 1, 12818.38, 856179, 2
71, 70, 3, 8, 0, 0, 5.71%, 0, 0, 1, 13026.90, 922278, 2
76, 75, 3, 8, 0, 0, 5.71%, 0, 0, 1, 12841.33, 987522, 2
81, 80, 3, 8, 0, 0, 5.71%, 0, 0, 1, 12991.13, 1053393, 2
86, 85, 3, 8, 0, 0, 5.71%, 0, 0, 1, 13212.85, 1120293, 2
91, 90, 3, 8, 0, 0, 5.71%, 0, 0, 1, 13304.98, 1187820, 2
96, 95, 3, 8, 0, 0, 5.71%, 0, 0, 1, 13197.06, 1254549, 2
101, 100, 3, 8, 0, 0, 5.71%, 0, 0, 1, 12794.58, 1319762, 2
107, 105, 3, 8, 0, 0, 5.71%, 0, 0, 1, 12874.84, 1385463, 2
112, 110, 3, 8, 0, 0, 5.71%, 0, 0, 1, 12451.42, 1450335, 2
117, 115, 3, 8, 0, 0, 5.71%, 0, 0, 1, 12342.46, 1513122, 2
122, 120, 3, 8, 0, 0, 5.71%, 0, 0, 1, 12485.32, 1576194, 2
127, 125, 3, 8, 0, 0, 5.71%, 0, 0, 1, 12693.61, 1641690, 2
132, 130, 3, 8, 0, 0, 5.71%, 0, 0, 1, 12792.33, 1707391, 2
137, 135, 3, 8, 0, 0, 5.71%, 0, 0, 1, 12709.62, 1773090, 2
142, 140, 3, 8, 0, 0, 5.71%, 0, 0, 1, 12930.84, 1839051, 2
148, 145, 3, 8, 0, 0, 5.71%, 0, 0, 1, 12940.69, 1904694, 2
153, 150, 3, 8, 0, 0, 5.71%, 0, 0, 1, 13140.84, 1971513, 2
158, 155, 3, 8, 0, 0, 5.71%, 0, 0, 1, 13033.76, 2037807, 2
163, 160, 3, 8, 0, 0, 5.71%, 0, 0, 1, 12628.11, 2102902, 2
168, 164, 3, 8, 0, 0, 5.71%, 0, 0, 1, 12653.20, 2165974, 2
173, 169, 3, 8, 0, 0, 5.71%, 0, 0, 1, 12732.69, 2231676, 2
178, 174, 3, 8, 0, 0, 5.71%, 0, 0, 1, 12636.47, 2296266, 2
183, 179, 3, 8, 0, 0, 5.71%, 0, 0, 1, 13020.64, 2362422, 2
188, 184, 3, 8, 0, 0, 5.71%, 0, 0, 1, 13092.82, 2428980, 2
193, 189, 3, 8, 0, 0, 5.71%, 0, 0, 1, 13007.65, 2494908, 2
198, 195, 3, 8, 0, 0, 5.71%, 0, 0, 1, 13185.08, 2562036, 2
203, 200, 3, 8, 0, 0, 5.71%, 0, 0, 1, 13040.66, 2627622, 2
209, 205, 3, 8, 0, 0, 5.71%, 0, 0, 1, 13097.61, 2693664, 2
214, 210, 3, 8, 0, 0, 5.71%, 0, 0, 1, 13095.69, 2760108, 2
219, 215, 3, 8, 0, 0, 5.71%, 0, 0, 1, 13115.81, 2826321, 2
224, 220, 3, 8, 0, 0, 5.71%, 0, 0, 1, 13095.93, 2892363, 2
229, 225, 3, 8, 0, 0, 5.71%, 0, 0, 1, 12853.17, 2957208, 2
234, 230, 3, 8, 0, 0, 5.71%, 0, 0, 1, 12736.65, 3022704, 2
239, 235, 3, 8, 0, 0, 5.71%, 0, 0, 1, 12791.59, 3088405, 2
244, 240, 3, 8, 0, 0, 5.71%, 0, 0, 1, 12644.03, 3152788, 2
249, 245, 3, 8, 0, 0, 5.71%, 0, 0, 1, 12839.29, 3218808, 2
254, 250, 3, 8, 0, 0, 5.71%, 0, 0, 1, 13034.94, 3284736, 2
259, 255, 3, 8, 0, 0, 5.71%, 0, 0, 1, 13059.39, 3350493, 2
264, 260, 3, 8, 0, 0, 5.71%, 0, 0, 1, 13042.80, 3416307, 2
269, 265, 3, 8, 0, 0, 5.71%, 0, 0, 1, 13042.85, 3481950, 2
275, 270, 3, 8, 0, 0, 5.71%, 0, 0, 1, 12882.47, 3547194, 2
280, 274, 3, 8, 0, 0, 5.71%, 0, 0, 1, 12725.08, 3610062, 2
285, 279, 3, 8, 0, 0, 5.71%, 0, 0, 1, 12787.16, 3675763, 2
290, 284, 3, 8, 0, 0, 5.71%, 0, 0, 1, 13140.69, 3742350, 2
295, 290, 3, 8, 0, 0, 5.71%, 0, 0, 1, 13303.68, 3810108, 2
300, 295, 3, 8, 0, 0, 5.71%, 0, 0, 1, 13117.40, 3876321, 2
305, 300, 3, 8, 0, 0, 5.71%, 0, 0, 1, 13207.69, 3942879, 2
310, 305, 3, 8, 0, 0, 5.71%, 0, 0, 1, 13260.57, 4010235, 2
315, 310, 3, 8, 0, 0, 5.71%, 0, 0, 1, 13201.21, 4077249, 2
320, 315, 3, 8, 0, 0, 5.71%, 0, 0, 1, 13045.51, 4142835, 2
325, 320, 3, 8, 0, 0, 5.71%, 0, 0, 1, 12570.81, 4207929, 2
330, 325, 3, 8, 0, 0, 5.71%, 0, 0, 1, 12603.70, 4271001, 2
336, 330, 3, 8, 0, 0, 5.71%, 0, 0, 1, 12662.69, 4336703, 2
341, 335, 3, 8, 0, 0, 5.71%, 0, 0, 1, 12640.71, 4402402, 2
346, 340, 3, 8, 0, 0, 5.71%, 0, 0, 1, 12558.51, 4466994, 2
351, 345, 3, 8, 0, 0, 5.71%, 0, 0, 1, 12851.46, 4532694, 2
356, 350, 3, 8, 0, 0, 5.71%, 0, 0, 1, 12750.80, 4598190, 2
361, 355, 3, 8, 0, 0, 5.71%, 0, 0, 1, 12782.55, 4663891, 2
366, 359, 3, 8, 0, 0, 5.71%, 0, 0, 1, 12615.21, 4726707, 2
371, 364, 3, 8, 0, 0, 5.71%, 0, 0, 1, 12654.80, 4791347, 2
377, 369, 3, 8, 0, 0, 5.71%, 0, 0, 1, 12509.93, 4855729, 2
382, 374, 3, 8, 0, 0, 5.71%, 0, 0, 1, 12849.97, 4921436, 2
387, 379, 3, 8, 0, 0, 5.71%, 0, 0, 1, 12999.65, 4987395, 2
392, 384, 3, 8, 0, 0, 5.71%, 0, 0, 1, 12985.05, 5053038, 2
397, 389, 3, 8, 0, 0, 5.71%, 0, 0, 1, 12722.68, 5118738, 2
402, 394, 3, 8, 0, 0, 5.71%, 0, 0, 1, 13045.13, 5185008, 2
407, 399, 3, 8, 0, 0, 5.71%, 0, 0, 1, 12586.82, 5248824, 2
412, 404, 3, 8, 0, 0, 5.71%, 0, 0, 1, 12608.27, 5313210, 2
417, 409, 3, 8, 0, 0, 5.71%, 0, 0, 1, 12733.45, 5378910, 2
423, 414, 3, 8, 0, 0, 5.71%, 0, 0, 1, 12920.92, 5444781, 2
428, 419, 3, 8, 0, 0, 5.71%, 0, 0, 1, 13016.66, 5510823, 2
433, 424, 3, 8, 0, 0, 5.71%, 0, 0, 1, 13139.12, 5577780, 2
438, 429, 3, 8, 0, 0, 5.71%, 0, 0, 1, 13173.29, 5644509, 2
443, 434, 3, 8, 0, 0, 5.71%, 0, 0, 1, 13135.82, 5711158, 2
448, 439, 3, 8, 0, 0, 5.71%, 0, 0, 1, 13105.82, 5777394, 2
453, 444, 3, 8, 0, 0, 5.71%, 0, 0, 1, 13081.05, 5843869, 2
458, 449, 3, 8, 0, 0, 5.71%, 0, 0, 1, 13173.85, 5910450, 2
463, 455, 3, 8, 0, 0, 5.71%, 0, 0, 1, 13260.94, 5977901, 2
468, 460, 3, 8, 0, 0, 5.71%, 0, 0, 1, 13117.03, 6044079, 2
473, 465, 3, 8, 0, 0, 5.71%, 0, 0, 1, 12950.04, 6109551, 2
478, 470, 3, 8, 0, 0, 5.71%, 0, 0, 1, 13103.61, 6175878, 2
483, 475, 3, 8, 0, 0, 5.71%, 0, 0, 1, 12991.87, 6242322, 2
488, 480, 3, 8, 0, 0, 5.71%, 0, 0, 1, 13100.88, 6308250, 2
493, 485, 3, 8, 0, 0, 5.71%, 0, 0, 1, 13074.07, 6374179, 2
499, 490, 3, 8, 0, 0, 5.71%, 0, 0, 1, 12658.14, 6439103, 2
504, 495, 3, 8, 0, 0, 5.71%, 0, 0, 1, 12892.09, 6505122, 2
509, 500, 3, 8, 0, 0, 5.71%, 0, 0, 1, 12980.14, 6570936, 2
514, 505, 3, 8, 0, 0, 5.71%, 0, 0, 1, 12854.43, 6636408, 2
519, 510, 3, 8, 0, 0, 5.71%, 0, 0, 1, 13116.51, 6702735, 2
524, 515, 3, 8, 0, 0, 5.71%, 0, 0, 1, 12918.19, 6767808, 2
529, 520, 3, 8, 0, 0, 5.71%, 0, 0, 1, 12891.82, 6833565, 2
534, 525, 3, 8, 0, 0, 5.71%, 0, 0, 1, 13019.36, 6899721, 2
539, 530, 3, 8, 0, 0, 5.71%, 0, 0, 1, 12776.70, 6964908, 2
544, 535, 3, 8, 0, 0, 5.71%, 0, 0, 1, 12755.85, 7030608, 2
550, 540, 3, 8, 0, 0, 5.71%, 0, 0, 1, 12715.13, 7096308, 2
555, 545, 3, 8, 0, 0, 5.71%, 0, 0, 1, 12654.21, 7161802, 2
560, 550, 3, 8, 0, 0, 5.71%, 0, 0, 1, 12939.28, 7228050, 2
565, 555, 3, 8, 0, 0, 5.71%, 0, 0, 1, 13066.98, 7294092, 2
570, 560, 3, 8, 0, 0, 5.71%, 0, 0, 1, 13028.15, 7360422, 2
575, 565, 3, 8, 0, 0, 5.71%, 0, 0, 1, 12942.29, 7425922, 2
580, 570, 3, 8, 0, 0, 5.71%, 0, 0, 1, 12877.77, 7491822, 2
585, 575, 3, 8, 0, 0, 5.71%, 0, 0, 1, 12964.37, 7557522, 2
590, 580, 3, 8, 0, 0, 5.71%, 0, 0, 1, 12880.40, 7623021, 2
596, 585, 3, 8, 0, 0, 5.71%, 0, 0, 1, 12821.44, 7688922, 2
600, 589, 3, 8, 0, 0, 5.71%, 0, 0, 1, 12830.04, 7738968, 2
